topology: 3 4 2
in: 0 0.363636364 0.057692308 
out: 0 1 
in: 0 0.636363636 0 
out: 0 1 
in: 0.018867925 0.090909091 0.038461538 
out: 0 1 
in: 0.018867925 0.636363636 0.076923077 
out: 0 1 
in: 0.056603774 0 0.192307692 
out: 0 1 
in: 0.056603774 0.181818182 0 
out: 0 1 
in: 0.075471698 0.090909091 0 
out: 1 0 
in: 0.075471698 0.727272727 0.173076923 
out: 1 0 
in: 0.075471698 0 0.576923077 
out: 0 1 
in: 0.075471698 0.181818182 0.019230769 
out: 0 1 
in: 0.075471698 0.272727273 0.192307692 
out: 0 1 
in: 0.075471698 0.818181818 0.134615385 
out: 0 1 
in: 0.075471698 0.181818182 0 
out: 0 1 
in: 0.094339623 0.545454545 0.25 
out: 0 1 
in: 0.094339623 0.454545455 0 
out: 0 1 
in: 0.113207547 0.181818182 0.019230769 
out: 0 1 
in: 0.113207547 1 0 
out: 0 1 
in: 0.132075472 0.181818182 0 
out: 0 1 
in: 0.132075472 0.454545455 0 
out: 0 1 
in: 0.132075472 0 0 
out: 0 1 
in: 0.132075472 0.090909091 0.115384615 
out: 0 1 
in: 0.132075472 0.181818182 0.288461538 
out: 0 1 
in: 0.132075472 0.454545455 0 
out: 0 1 
in: 0.150943396 1 0.403846154 
out: 1 0 
in: 0.150943396 0.090909091 0.038461538 
out: 0 1 
in: 0.150943396 0.181818182 0 
out: 0 1 
in: 0.150943396 0.181818182 0 
out: 0 1 
in: 0.150943396 0.363636364 0.057692308 
out: 0 1 
in: 0.150943396 0.545454545 0.019230769 
out: 0 1 
in: 0.150943396 0.727272727 0 
out: 0 1 
in: 0.150943396 0.727272727 0.211538462 
out: 0 1 
in: 0.150943396 0.181818182 0.019230769 
out: 0 1 
in: 0.150943396 0.818181818 0.096153846 
out: 0 1 
in: 0.169811321 0.727272727 0 
out: 1 0 
in: 0.169811321 0.454545455 0 
out: 0 1 
in: 0.169811321 0.818181818 0 
out: 0 1 
in: 0.169811321 0 0 
out: 0 1 
in: 0.169811321 0.090909091 0.038461538 
out: 0 1 
in: 0.169811321 0.454545455 0.076923077 
out: 0 1 
in: 0.188679245 0 0.038461538 
out: 0 1 
in: 0.188679245 0 0 
out: 0 1 
in: 0.188679245 0.636363636 0 
out: 0 1 
in: 0.20754717 0.181818182 0.442307692 
out: 1 0 
in: 0.20754717 0.545454545 0 
out: 1 0 
in: 0.20754717 0.818181818 0 
out: 1 0 
in: 0.20754717 0 0 
out: 0 1 
in: 0.20754717 0.090909091 0.153846154 
out: 0 1 
in: 0.20754717 0.090909091 0 
out: 0 1 
in: 0.20754717 0.545454545 0 
out: 0 1 
in: 0.20754717 1 0.153846154 
out: 0 1 
in: 0.20754717 0.636363636 0 
out: 0 1 
in: 0.20754717 0.636363636 0 
out: 0 1 
in: 0.226415094 1 0.019230769 
out: 1 0 
in: 0.226415094 0.090909091 0 
out: 1 0 
in: 0.226415094 0 0 
out: 0 1 
in: 0.226415094 0.181818182 0.019230769 
out: 0 1 
in: 0.226415094 0.090909091 0.038461538 
out: 0 1 
in: 0.226415094 0.272727273 0.076923077 
out: 0 1 
in: 0.226415094 0.363636364 0.384615385 
out: 0 1 
in: 0.226415094 0.636363636 0 
out: 0 1 
in: 0.226415094 0.454545455 0.019230769 
out: 0 1 
in: 0.245283019 0 1 
out: 1 0 
in: 0.245283019 0.090909091 0.038461538 
out: 1 0 
in: 0.245283019 0.545454545 0 
out: 1 0 
in: 0.245283019 0.545454545 0 
out: 1 0 
in: 0.245283019 0.454545455 0.269230769 
out: 0 1 
in: 0.245283019 0.545454545 0.038461538 
out: 0 1 
in: 0.245283019 0.545454545 0.057692308 
out: 0 1 
in: 0.245283019 0.181818182 0 
out: 0 1 
in: 0.245283019 0.454545455 0.038461538 
out: 0 1 
in: 0.245283019 0.636363636 0 
out: 0 1 
in: 0.245283019 0.727272727 0.076923077 
out: 0 1 
in: 0.264150943 0.545454545 0.115384615 
out: 1 0 
in: 0.264150943 0 0.173076923 
out: 1 0 
in: 0.264150943 0.454545455 0.365384615 
out: 1 0 
in: 0.264150943 0.272727273 0 
out: 0 1 
in: 0.264150943 0.454545455 0.019230769 
out: 0 1 
in: 0.264150943 0.272727273 0 
out: 0 1 
in: 0.264150943 0.818181818 0.307692308 
out: 0 1 
in: 0.283018868 0.636363636 0.115384615 
out: 1 0 
in: 0.283018868 0.727272727 0 
out: 1 0 
in: 0.283018868 0.818181818 0.019230769 
out: 1 0 
in: 0.283018868 0.181818182 0 
out: 0 1 
in: 0.283018868 0.818181818 0 
out: 0 1 
in: 0.283018868 0.090909091 0.269230769 
out: 0 1 
in: 0.283018868 0.545454545 0 
out: 0 1 
in: 0.283018868 0.909090909 0 
out: 0 1 
in: 0.283018868 0.818181818 0.019230769 
out: 0 1 
in: 0.301886792 0 0.038461538 
out: 1 0 
in: 0.301886792 1 0.057692308 
out: 1 0 
in: 0.301886792 0.363636364 0.096153846 
out: 1 0 
in: 0.301886792 0.636363636 0.384615385 
out: 1 0 
in: 0.301886792 0.363636364 0 
out: 0 1 
in: 0.301886792 0 0.057692308 
out: 0 1 
in: 0.301886792 0.454545455 0 
out: 0 1 
in: 0.320754717 0.454545455 0.442307692 
out: 1 0 
in: 0.320754717 0.363636364 0 
out: 1 0 
in: 0.320754717 0.636363636 0 
out: 1 0 
in: 0.320754717 0.272727273 0 
out: 0 1 
in: 0.320754717 0.454545455 0.115384615 
out: 0 1 
in: 0.320754717 0.727272727 0 
out: 0 1 
in: 0.320754717 0.818181818 0 
out: 0 1 
in: 0.320754717 0 0.057692308 
out: 0 1 
in: 0.320754717 0.181818182 0.076923077 
out: 0 1 
in: 0.320754717 0.909090909 0.076923077 
out: 0 1 
in: 0.320754717 0.727272727 0.230769231 
out: 0 1 
in: 0.339622642 0 0.211538462 
out: 1 0 
in: 0.339622642 0 0.211538462 
out: 1 0 
in: 0.339622642 0.818181818 0.134615385 
out: 1 0 
in: 0.339622642 0.272727273 0.153846154 
out: 0 1 
in: 0.339622642 0.363636364 0.038461538 
out: 0 1 
in: 0.339622642 0.545454545 0 
out: 0 1 
in: 0.339622642 0.727272727 0 
out: 0 1 
in: 0.358490566 0.454545455 0 
out: 1 0 
in: 0.358490566 0.545454545 0.192307692 
out: 1 0 
in: 0.358490566 0.272727273 0.019230769 
out: 0 1 
in: 0.358490566 0.363636364 0 
out: 0 1 
in: 0.358490566 0.727272727 0 
out: 0 1 
in: 0.358490566 0.181818182 0.019230769 
out: 0 1 
in: 0.358490566 0.363636364 0.019230769 
out: 0 1 
in: 0.358490566 0.454545455 0.057692308 
out: 0 1 
in: 0.358490566 0.272727273 0 
out: 0 1 
in: 0.358490566 0.818181818 0.019230769 
out: 0 1 
in: 0.377358491 0.454545455 0.25 
out: 1 0 
in: 0.377358491 0.545454545 0 
out: 1 0 
in: 0.377358491 0.090909091 0 
out: 0 1 
in: 0.377358491 0.272727273 0.115384615 
out: 0 1 
in: 0.377358491 0.272727273 0 
out: 0 1 
in: 0.377358491 0.454545455 0.019230769 
out: 0 1 
in: 0.377358491 0 0.019230769 
out: 0 1 
in: 0.377358491 0.090909091 0.038461538 
out: 0 1 
in: 0.377358491 0.272727273 0 
out: 0 1 
in: 0.377358491 0.545454545 0 
out: 0 1 
in: 0.377358491 0.636363636 0.076923077 
out: 0 1 
in: 0.377358491 0.727272727 0.019230769 
out: 0 1 
in: 0.396226415 0.090909091 0.25 
out: 1 0 
in: 0.396226415 0.090909091 0.057692308 
out: 1 0 
in: 0.396226415 0.545454545 0.134615385 
out: 0 1 
in: 0.396226415 0.090909091 0.019230769 
out: 0 1 
in: 0.396226415 0.636363636 0 
out: 0 1 
in: 0.396226415 0.727272727 0.019230769 
out: 0 1 
in: 0.41509434 1 0.057692308 
out: 1 0 
in: 0.41509434 0.090909091 0.038461538 
out: 1 0 
in: 0.41509434 0.363636364 0.057692308 
out: 1 0 
in: 0.41509434 0.727272727 0.076923077 
out: 1 0 
in: 0.41509434 0.272727273 0 
out: 0 1 
in: 0.41509434 0.454545455 0.076923077 
out: 0 1 
in: 0.41509434 1 0 
out: 0 1 
in: 0.41509434 0.181818182 0.076923077 
out: 0 1 
in: 0.41509434 0.181818182 0.096153846 
out: 0 1 
in: 0.41509434 0.363636364 0 
out: 0 1 
in: 0.41509434 0.363636364 0.019230769 
out: 0 1 
in: 0.41509434 0.545454545 0 
out: 0 1 
in: 0.41509434 0.636363636 0 
out: 0 1 
in: 0.41509434 0.909090909 0 
out: 0 1 
in: 0.433962264 0 0.076923077 
out: 1 0 
in: 0.433962264 0.636363636 0.019230769 
out: 1 0 
in: 0.433962264 0.090909091 0.057692308 
out: 1 0 
in: 0.433962264 0.181818182 0.173076923 
out: 1 0 
in: 0.433962264 0.454545455 0.461538462 
out: 1 0 
in: 0.433962264 0.636363636 0.230769231 
out: 1 0 
in: 0.433962264 0 0.019230769 
out: 0 1 
in: 0.433962264 0.181818182 0.019230769 
out: 0 1 
in: 0.433962264 0.181818182 0.038461538 
out: 0 1 
in: 0.433962264 0.272727273 0.019230769 
out: 0 1 
in: 0.433962264 0.454545455 0 
out: 0 1 
in: 0.452830189 0.181818182 0.211538462 
out: 1 0 
in: 0.452830189 0.636363636 0.442307692 
out: 1 0 
in: 0.452830189 0.636363636 0.096153846 
out: 1 0 
in: 0.452830189 0.909090909 0.134615385 
out: 1 0 
in: 0.452830189 0.090909091 0.134615385 
out: 0 1 
in: 0.452830189 0.181818182 0.057692308 
out: 0 1 
in: 0.452830189 0.727272727 0 
out: 0 1 
in: 0.452830189 0.818181818 0.884615385 
out: 0 1 
in: 0.452830189 0.363636364 0 
out: 0 1 
in: 0.452830189 1 0.134615385 
out: 0 1 
in: 0.452830189 0.454545455 0.365384615 
out: 0 1 
in: 0.452830189 0 0.019230769 
out: 0 1 
in: 0.452830189 0.363636364 0 
out: 0 1 
in: 0.471698113 0.454545455 0.115384615 
out: 1 0 
in: 0.471698113 0.909090909 0.288461538 
out: 1 0 
in: 0.471698113 0 0.019230769 
out: 0 1 
in: 0.471698113 0 0 
out: 0 1 
in: 0.471698113 0 0.019230769 
out: 0 1 
in: 0.471698113 0.727272727 0.346153846 
out: 0 1 
in: 0.471698113 0.727272727 0 
out: 0 1 
in: 0.471698113 1 0.057692308 
out: 0 1 
in: 0.471698113 1 0.423076923 
out: 0 1 
in: 0.471698113 0.818181818 0.019230769 
out: 0 1 
in: 0.490566038 0.636363636 0.173076923 
out: 1 0 
in: 0.490566038 0.727272727 0.057692308 
out: 1 0 
in: 0.490566038 0.181818182 0 
out: 0 1 
in: 0.490566038 0.727272727 0.038461538 
out: 0 1 
in: 0.490566038 0.727272727 0.019230769 
out: 0 1 
in: 0.490566038 0.818181818 0 
out: 0 1 
in: 0.490566038 0.181818182 0 
out: 0 1 
in: 0.509433962 0.272727273 0.096153846 
out: 1 0 
in: 0.509433962 0.363636364 0.269230769 
out: 1 0 
in: 0.509433962 0.545454545 0.019230769 
out: 1 0 
in: 0.509433962 0.545454545 0.173076923 
out: 0 1 
in: 0.509433962 1 0 
out: 0 1 
in: 0.509433962 0.272727273 0 
out: 0 1 
in: 0.509433962 0.363636364 0 
out: 0 1 
in: 0.509433962 0.454545455 0 
out: 0 1 
in: 0.509433962 0.545454545 0 
out: 0 1 
in: 0.509433962 0.545454545 0 
out: 0 1 
in: 0.509433962 0.818181818 0 
out: 0 1 
in: 0.528301887 0.090909091 0 
out: 0 1 
in: 0.528301887 0.181818182 0.057692308 
out: 0 1 
in: 0.528301887 0.272727273 0.019230769 
out: 0 1 
in: 0.528301887 0.818181818 0 
out: 0 1 
in: 0.528301887 0 0 
out: 0 1 
in: 0.528301887 0 0.057692308 
out: 0 1 
in: 0.528301887 0.272727273 0.038461538 
out: 0 1 
