Layer: 0, neuron 0, 4.95588e+007, 4.95735e+007, 4.9576e+007, 4.95769e+007, 4.95747e+007, 
Layer: 0, neuron 1, 3.78106e+007, 3.78227e+007, 3.78249e+007, 3.78256e+007, 3.78238e+007, 
Layer: 0, neuron 2, 5.73032e+007, 5.73218e+007, 5.7325e+007, 5.73261e+007, 5.73233e+007, 
Layer: 0, neuron 3, 3.57849e+008, 3.57962e+008, 3.57982e+008, 3.57989e+008, 3.57972e+008, 
Layer: 0, neuron 4, -2.85939e+007, -2.86026e+007, -2.86041e+007, -2.86046e+007, -2.86033e+007, 
Layer: 1, neuron 0, 680.486, 379.953, 1082.1, 11597.4, 
Layer: 1, neuron 1, 680.799, 379.707, 1082.43, 11599.1, 
Layer: 1, neuron 2, 680.544, 379.598, 1082.37, 11599.4, 
Layer: 1, neuron 3, 680.995, 380.061, 1082.07, 11599.5, 
Layer: 1, neuron 4, 680.919, 380.497, 1082.69, 11599.2, 
Layer: 1, neuron 5, -680.05, -379.079, -1081.53, -11597.8, 
